0.01988109161760084
0.022125410803969018
0.0245352151072007
0.02711435931115037
0.02986620367049987
0.032793597451855984
0.03589886656350725
0.03918380517296784
0.04264967117310458
0.04629718532508375
0.05012653387942166
0.054137374454840154
0.058328844938089895
0.06269957515606604
0.06724770106399218
0.07197088118978309
0.07686631507449308
0.08193076345158339
0.08716056991320661
0.09255168381938658
0.09809968421552488
0.1037998045347092
0.10964695787353368
0.11563576264325996
0.12176056841187712
0.12801548176674793
0.13439439204180134
0.14089099676751074
0.14749882671599687
0.15421127042739152
0.16102159811696468
0.16792298487540655
0.17490853308693363
0.18197129400154394
0.1891042884087383
0.19630052637029066
0.20355302597922673
0.21085483112099904
0.2181990282209813
0.22557876196981114
0.2329872500248446
0.2404177966920372
0.24786380559798862
0.25531879136668634
0.262776390319703
0.27023037022228547
0.2776746391009117
0.28510325316058527
0.29251042383236014
0.29989052398339894
0.3072380933233167
0.31454784304164635
0.32181465971203976
0.32903360849930297
0.336199935705609
0.34330907069221644
0.35035662721283933
0.3573384041944198
0.3642503860005221
0.37108874221188104
0.37784982695786434
0.3845301778316891
0.3911265144212826
0.3976357364866044
0.40405492181318775
0.41038132377047143
0.4166123686023582
0.4227456524762305
0.42877893831544484
0.43471015243913397
0.4405373810319239
