0.0043402510969748655
0.0048302095458345115
0.005356295133677008
0.0059193494003018194
0.006520105924596337
0.007159186731384628
0.007837099590873427
0.008554236188673932
0.009310871136009721
0.010107161782613026
0.010943148788927617
0.011818757409524686
0.012733799436027746
0.013687975745258063
0.01468087939666422
0.01571199922229921
0.016780723852563982
0.01788634612155342
0.019028067797033817
0.020205004581757398
0.021416191334905216
0.022660587464860472
0.023937082447185582
0.025244501424539982
0.02658161084827325
0.027947124124512397
0.029339707230678167
0.030757984271482575
0.03220054294653792
0.03366593990471956
0.035152705963342815
0.03665935117302823
0.03818436971180955
0.03972624459458361
0.04128345218640079
0.04285446651033604
0.044437763342770886
0.04603182409084455
0.04763513944860781
0.04924621283003043
0.050863563578483165
0.05248572995363604
0.054111271897898765
0.055738773585576565
0.057366845758835584
0.05899412785537653
0.06061928993339992
0.06224103440003459
0.06385809754988643
0.06546925092075934
0.06707330247391673
0.06866909760648905
0.07025552000380188
0.07183149233950532
0.07339597683143909
0.07494797566116375
0.07648653126504949
0.07801072650472694
0.07951968472458883
0.08101256970388139
0.08248858551075564
0.0839469762654477
0.08538702581955028
0.08680805735810294
0.08820943293099769
0.0895905529199371
0.09095085544693485
0.0922898157300848
0.09360694539206121
0.09490179172655243
0.09617393692756288
