0.005056671776518489
0.004360522010091394
0.004029532868061753
0.004662062710745293
0.00645655941878572
0.007694916740847723
0.008050785875848968
0.008917749902693669
0.009533760725987127
0.009876498216786803
0.01072695486554476
0.011878324438548589
0.012686187836229037
0.013203930400665519
0.01426365489393694
0.015400214720828892
0.01719981666750074
0.019808595856530296
0.020237329623327593
0.018517525783188753
0.018461404855099728
0.021445548900893396
0.02605245259371341
0.02862517279742914
0.027806088682086217
0.026536387973243935
0.02713862640259908
0.02984540652925071
0.032933061975744304
0.03506567030030223
0.03655564914400791
0.03833653802710577
0.04034135136203123
0.04254193945809829
0.043658538938237554
0.04374926991107534
0.04356971353986931
0.043252021138837006
0.043460342224362056
0.04458769490255276
0.04693276105877035
0.051668707446972044
0.05645953925545507
0.05799975828835645
0.05646411021583535
0.05581700689941454
0.05785183827060055
0.061397487845193034
0.06501993546079478
0.06878311724123733
0.07140584893909126
0.07334576628976376
0.07489435034832759
0.07576605290517367
0.0763106228483454
0.07687683442899552
0.0781421257992446
0.0779535248885662
0.07542419725291465
0.07429694896796735
0.07712621469995903
0.08276392474119444
0.09183537905041816
0.10157679502858522
0.10732539746507255
0.10716796006667853
0.09714498500387679
0.07814888675668856
0.058735340136869006
0.04297757920056113
0.030558667799950204
