0.02321481987060831
0.020057707533467885
0.018661726672940197
0.02185874701805942
0.03047743298449685
0.03620322340977446
0.03738474104341208
0.04085334261802283
0.04353037741110574
0.04540251601780655
0.04986627389099945
0.055481998338050655
0.05880509301818994
0.06023485866063963
0.06433082112044865
0.06951092633761581
0.07824292379519623
0.09065010170963939
0.09283361169709338
0.08497465362713882
0.08462948435529823
0.09817488687993131
0.11918352244485557
0.1309817323992998
0.1273921104722908
0.12186398795780881
0.12497600154591766
0.13772613350167498
0.15209473406944185
0.16183867601068525
0.168381128474888
0.17610839446254087
0.18483869553971433
0.19453585445540747
0.199356512355887
0.1995678232081765
0.19862828681700012
0.19713119207624955
0.1981266190032403
0.20343212829277116
0.2144569348539914
0.2366368423412053
0.2590821792632413
0.26619799683526035
0.25880269507745984
0.25557218223761885
0.2648938478953339
0.2812958967745231
0.2981050957696008
0.31556310979505164
0.3277593265817729
0.3367695997736579
0.3439111867823273
0.3478525001778815
0.35016680482227913
0.35242746339398023
0.3578267454300007
0.35680972101224856
0.3455275196177603
0.34077558139036296
0.3538868426398917
0.3796430193382212
0.4210398984192176
0.46547842407150447
0.49162938827116204
0.4908094339067822
0.44490575378067554
0.35796515484271285
0.2691473341052316
0.197061124216212
0.14021716314009425
