0.005026529685475438
0.0046249860396864705
0.005248036537092037
0.008144693926621305
0.013212328052432758
0.016151792001530926
0.015865568075817297
0.015934369671715184
0.016276836695033013
0.016514061840880695
0.017985907642452607
0.02012200132143464
0.02091135344058806
0.020861945367318894
0.021717552095123698
0.022802753148627737
0.024973255405377665
0.0283408105227169
0.028612952720349177
0.025630187547044932
0.024609212307086726
0.027726533804411986
0.03299099023295167
0.03581540052384002
0.03456088734216967
0.03265007890927958
0.032881841762302515
0.03537429721881636
0.03809703443294715
0.03962746823383746
0.040408616707164474
0.04153303043841304
0.04299601932468867
0.04474612784548852
0.04548050461342212
0.045228522352870525
0.04473493812520998
0.04407904313767024
0.04386657948521713
0.04440595464683522
0.04585498078199063
0.04923446469987227
0.0525382346272009
0.05339234771976621
0.051925291802486756
0.051013558808352934
0.05211014754463722
0.0543090035566809
0.05644361408718348
0.0587452855749786
0.06004276924012183
0.06085944318331577
0.06149554489432508
0.06166787222328948
0.0616110366817595
0.061548071550884445
0.06217724311106948
0.06158289832757098
0.058882164544378404
0.057275560144552026
0.05864705366515113
0.06176953935523548
0.06763357444714502
0.07410077303148327
0.07747374751992944
0.07717777108681659
0.07017882982984802
0.05670736951770248
0.043304497487288984
0.03252521492450697
0.023739672344237545
