0.023024591761653952
0.021179531273332105
0.02401605398940835
0.037244395619566724
0.06040551312289654
0.07386487964126219
0.0726172258115093
0.07300943253178059
0.07461926675274025
0.0757049215837964
0.0824226863508439
0.09217505438488184
0.09574261260502913
0.0954529203335574
0.09933656101337117
0.10435003570702402
0.1143948799399603
0.12991052012436632
0.13118969828994584
0.11750494183734204
0.1127841751756616
0.12701999305799452
0.15110688964055444
0.16405588411641894
0.1583693725960575
0.1497005423936841
0.15082441993904755
0.1622466870606055
0.17466586620823735
0.1816000703185711
0.18511304028514283
0.19021544299438903
0.19687697937218607
0.20485996228141426
0.20820127001450162
0.20703684295850253
0.20477579562695242
0.2017799600872498
0.2008267357492774
0.20333568180366937
0.21004217856642307
0.22563554217505521
0.24087936640786398
0.24478207162707458
0.2379365819677654
0.23365145549136954
0.23862785050043714
0.24869072192682665
0.25847430323063325
0.2690308118260671
0.27499220554284726
0.27875604133722126
0.28169866333202304
0.282524818669972
0.2823149886904103
0.28209549102834536
0.28504949251903156
0.28234691079010293
0.2699060518826552
0.26245181932660433
0.2686786434772669
0.28296002929330744
0.309812138025982
0.33943172846502984
0.3548804336595026
0.35352430024517745
0.3214640648857195
0.25975628400900774
0.1983633348463449
0.14898649126450864
0.10874407433620495
