0.0444343746571074
0.04790726831009501
0.05150914758326686
0.0552354732916551
0.05908130511538507
0.06304133955656584
0.06710994830773874
0.07128121664944288
0.0755489815334637
0.07990686904721075
0.08434833099281992
0.08886668035147552
0.09345512543870614
0.09810680258972584
0.10281480724504602
0.10757222333543245
0.11237215089175087
0.11720773182928666
0.12207217387778599
0.12695877264777053
0.13186093184071526
0.13677218162556457
0.1416861952168906
0.14659680370091324
0.1514980091647457
0.15638399619171842
0.16124914179163793
0.16608802383948243
0.17089542809943742
0.17566635391351146
0.18039601863531626
0.18507986089009448
0.18971354274184876
0.19429295084752846
0.19881419667682038
0.20327361587419712
0.20766776683761012
0.21199342858565687
0.21624759798221077
0.22042748638452825
0.22453051577768354
0.22855431445496538
0.2324967123005867
0.2363557357277561
0.2401296023218798
0.24381671523540693
0.2474156573776418
0.2509251854397419
0.25434422379207944
0.2576718582882409
0.2609073300071138
0.2640500289618293
0.26709948780175163
0.27005537553126757
0.27291749126681686
0.2756857580514061
0.2783602167438037
0.2809410199976727
0.2834284263440842
0.2858227943891802
0.2881245771371603
0.29033431644732954
0.29245263763257373
0.294480244205399
0.2964179127765115
0.2982664881098693
0.30002687833716735
0.30170005033385033
0.3032870252579349
0.30478887425221535
0.306206714309766
