0.009700490650028794
0.010458659807788326
0.011244987881077579
0.012058483918146262
0.012898069395281101
0.013762586503193673
0.014650806523255665
0.01556143821009071
0.016493136105547493
0.017444508717566885
0.01841412650578412
0.019400529623762767
0.020402235375454533
0.021417745350752488
0.022445552211806632
0.023484146108068617
0.02453202070381101
0.025587678807115058
0.02664963759405
0.027716433425981332
0.02878662626166484
0.02985880366903308
0.03093158444438147
0.03200362184904413
0.0330736064756461
0.03414026875765324
0.03520238113725211
0.03625875990760574
0.03730826674627445
0.03834980995710039
0.03938234543814829
0.04040487739340375
0.04141645880588034
0.04241619168959059
0.043403227137528706
0.04437676518239894
0.04533605448632943
0.046280391875252326
0.04720912173301142
0.04812163526960868
0.049017369677310754
0.04989580718763424
0.050756474041511665
0.051598939384219285
0.05242281409593186
0.053227749568058494
0.05401343643481762
0.05477960326883135
0.05552601524885536
0.05625247280712696
0.05695881026319688
0.0576448944505254
0.05831062334156051
0.05895592467648359
0.059580754600303744
0.06018509631250105
0.060768958732973784
0.061332375187619796
0.06187540211648708
0.06239811780706261
0.06290062115492072
0.0633830304536385
0.0638454822155861
0.0642881300249321
0.06471114342394986
0.06511470683348336
0.06549901850821907
0.06586428952722095
0.06621074282000855
0.06653861222830329
0.06684814160342428
