0.023671952832547548
0.022050717081590593
0.02590999408296494
0.04178127901816414
0.06916713717073886
0.08560537751398362
0.08553502120759619
0.08726142262740119
0.08950410593653416
0.08968793385299137
0.0963838159413651
0.10909152396793985
0.11913409089380288
0.12937668184295043
0.1432288868363107
0.15096984805462402
0.1603314698147996
0.17676869731861827
0.17533485439158722
0.1539933787634362
0.14354495957454166
0.1575934785668814
0.1842377590994949
0.19806773646547302
0.19022213574879904
0.17875292805971543
0.1787007300071429
0.190088041185588
0.20178101993692002
0.2061858902939925
0.20570464305818129
0.20639390185298748
0.2089709451609715
0.21359170818548484
0.2141485889860359
0.21061379195346316
0.206351295527702
0.20132956220648876
0.19794269540993484
0.19698398767750105
0.19817708215440036
0.20531928232811622
0.2117954405605641
0.21407466249077364
0.21243731140409447
0.21175417504180513
0.2160361029032062
0.22287245402428463
0.22852810764604498
0.2350850938604087
0.23755561826739763
0.23882774759634548
0.24055873542383716
0.24153304289353453
0.2429361010203007
0.24565916482508315
0.25209035160493226
0.2496381112029095
0.23121640672401547
0.21506488133315557
0.2127160005282779
0.21744685540047362
0.23380481913071985
0.253198819925083
0.2611255732500595
0.2595146641744346
0.23711320490425242
0.192717913319846
0.15029029611050795
0.11671772686520407
0.08789087914269762
