0.03290603763166757
0.03700666545109483
0.041107293270522115
0.054872292874820525
0.06863729247911896
0.07602493362617305
0.08341257477322717
0.08762092422615823
0.09182927367908941
0.09116367160509153
0.09049806953109368
0.10621158146394628
0.12192509339679886
0.13468114203070364
0.1474371906646083
0.1522575470784881
0.1570779034923679
0.15982923484934544
0.16258056620632294
0.16774548020097477
0.17291039419562662
0.1723368969191703
0.17176339964271395
0.1775121925272601
0.18326098541180622
0.18555097055877148
0.18784095570573675
0.19015479257873372
0.1924686294517306
0.19882923826908405
0.20518984708643745
0.2052224425306559
0.20525503797487435
0.20799794341364117
0.210740848852408
0.2094567904329873
0.20817273201356665
0.20668467127382975
0.20519661053409285
0.2075555749249096
0.20991453931572637
0.20670836991194388
0.20350220050816142
0.2103485369281856
0.2171948733482097
0.22070472284388426
0.2242145723395588
0.22538513875875094
0.22655570517794313
0.22402688671146373
0.2214980682449844
0.22769060849227032
0.23388314873955632
0.2314050750697039
0.2289270013998515
0.23398991149555848
0.23905282159126542
0.2465954640905853
0.25413810658990527
0.25057687122007805
0.24701563585025085
0.23132717270366523
0.21563870955707962
0.22247108787490188
0.22930346619272415
0.22882607941344818
0.22834869263417218
0.20856449825219825
0.18878030387022435
0.20009788665537606
0.21141546944052783
