0.005161324850077809
0.004807586753724404
0.005648313073789903
0.009106263422988531
0.015072686153842241
0.018650197247881604
0.018625870193953502
0.018992635727245917
0.019479511703879272
0.019530422862311367
0.021009835969487373
0.023804917652331194
0.026027815253218532
0.028305913139686927
0.0313594128492275
0.03303908882412314
0.03504431830270201
0.03859675322518837
0.038259223934526264
0.03357984445892523
0.03127089157418015
0.03429719155329943
0.04007569327811468
0.04309048084102921
0.041419557924436655
0.03897926719853698
0.0390193683630413
0.041527133640983045
0.04407529010501583
0.045023402991501975
0.04491098403591125
0.0450621705520662
0.04562874696296097
0.046639875877009455
0.04676349059427986
0.045994083727438566
0.04506504555310294
0.04396968131199423
0.04323021991406237
0.04302008748174154
0.04327929283813611
0.04483579625861722
0.046246835051077274
0.04674184043640829
0.04638186914345981
0.04622938030757461
0.04715949223455687
0.04864622621356521
0.049875105462501595
0.05130036856927349
0.051834641050914995
0.05210784965686391
0.052481427745326645
0.052690245497890885
0.05299317419221243
0.0535845664619947
0.05498488656638483
0.05444962943637942
0.05043398154718401
0.0469147349809943
0.046406522961437754
0.04744376402526558
0.051017248215849804
0.05525277636754074
0.056986545682007714
0.056636339574879825
0.051746458400952725
0.0420564415472974
0.032794676261722076
0.025464915519078
0.01917319939027865
