0.007183733603516101
0.008078943722451338
0.008974153841386582
0.01197919781892771
0.014984241796468841
0.016597041445969553
0.01820984109547027
0.019128567978322485
0.02004729486117472
0.019901986938079565
0.01975667901498442
0.02318710369767703
0.02661752838036964
0.029402307764785106
0.03218708714920055
0.03323942157909823
0.034291756008995915
0.03489240053948495
0.03549304506997396
0.036620600038395436
0.03774815500681692
0.03762295452833575
0.037497754049854566
0.03875277591200138
0.04000779777414819
0.040507725581803024
0.04100765338945786
0.041512788279402996
0.04201792316934812
0.04340651087509089
0.04479509858083366
0.04480221450863313
0.0448093304364326
0.04540813550048484
0.046006940564537094
0.04572661712603251
0.045446293687527936
0.04512143440000821
0.044796575112488475
0.04531156181351564
0.045826548514542806
0.04512660806159833
0.04442666760865386
0.04592129475130844
0.04741592189396302
0.04818215890030184
0.04894839590664065
0.04920394284957023
0.049459489792499804
0.048907422162899894
0.0483553545333
0.04970725110509334
0.051059147676886685
0.050518158169326664
0.04997716866176665
0.05108245510777464
0.052187741553782634
0.05383437962635105
0.05548101769891948
0.05470356261658415
0.05392610753424881
0.050501151264667726
0.04707619499508664
0.048567774937438614
0.05005935487979059
0.04995513633222353
0.04985091778465648
0.04553182037186116
0.041212722959065855
0.043683470141522955
0.046154217323980055
