0.005433686913787086
0.005347854417173749
0.007159571574023396
0.013002470413993132
0.022445893062914953
0.027796048315723534
0.026984399157482814
0.026367065732169303
0.0263615461284465
0.026006790028997178
0.027711913937887328
0.031219722372513314
0.03360444233432385
0.03579436247507443
0.038956255957713244
0.04039937191811683
0.04215351890157546
0.04584882775602045
0.045086504114223894
0.039186589276210215
0.03591298303445692
0.03877181013131411
0.04476168977366832
0.04768384470863006
0.04538897086754254
0.042159326770203155
0.04164722784196463
0.04391534845181177
0.046355756211828664
0.04713856983447617
0.046742503659316155
0.046557300785561896
0.04679850580761693
0.04755571676665921
0.04745964831081749
0.04649137874085284
0.04539550736256241
0.044124592538044294
0.0431841550551827
0.04270020037822447
0.0425335069208077
0.04346887339387002
0.04417749039891699
0.044346708353941354
0.04401663148074177
0.04372773040991047
0.04421754184655049
0.04507667253702479
0.04559853616953009
0.04634982170133875
0.04624714232167606
0.04598189140462819
0.0459365655097427
0.045829483702014874
0.04586367977387025
0.04616385654834907
0.04734090871560761
0.04681363714689081
0.043094660187971895
0.039916456930927074
0.03941062644793203
0.040008352924200005
0.04296893098521835
0.046569488503118824
0.04783372427521611
0.04763585891520225
0.04372155831726948
0.03560611221577852
0.02807659044721392
0.02220463976564408
0.016963927131592192
