0.05123113995733247
0.05685839570923653
0.0624856514611406
0.08281157654510715
0.1031375016290737
0.11067041282040066
0.11820332401172763
0.12188330263638512
0.1255632812610427
0.12324351152971316
0.12092374179838368
0.13870450558353706
0.15648526936869045
0.1694717102195421
0.18245815107039376
0.1859744232337214
0.18949069539704902
0.19027863136588496
0.1910665673347209
0.19497522290251237
0.19888387847030387
0.19559269286127887
0.19230150725225387
0.19623135512571388
0.20016120299917384
0.2010896956837581
0.20201818836834226
0.2025551273381465
0.20309206630795074
0.2082866529930494
0.21348123967814805
0.21207455058596264
0.21066786149377723
0.2122999352008106
0.21393200890784403
0.21150867465771267
0.20908534040758134
0.2067165749778933
0.20434780954820525
0.20558346875520656
0.20681912796220794
0.2011526567588751
0.19548618555554223
0.199863665744766
0.20424114593398973
0.20589301838189317
0.20754489082979655
0.20730589619506784
0.20706690156033908
0.2035957102155438
0.20012451887074853
0.2034006099726926
0.20667670107463665
0.20334147147490686
0.2000062418751771
0.20264194684136627
0.20527765180755544
0.21030817529435328
0.2153386987811511
0.21129238984295032
0.20724608090474958
0.19496215895517918
0.1826782370056088
0.1870911673652624
0.19150409772491606
0.19284851254249266
0.19419292736006932
0.1774324325047784
0.16067193764948748
0.17076654298266122
0.18086114831583497
