0.011184295896621305
0.012412784926294971
0.01364127395596864
0.018078636870418142
0.022515999784867645
0.024160513410700257
0.02580502703653287
0.026608405018472937
0.02741178300041302
0.026905352905185326
0.026398922809957644
0.030280650282871722
0.0341623777557858
0.036997454180805064
0.03983253060582432
0.04060016974796448
0.041367808890104635
0.04153982358722813
0.041711838284351634
0.042565138844607844
0.043418439404864055
0.04269993902145088
0.04198143863803771
0.04283936570118896
0.043697292764340194
0.04389999246867797
0.044102692173015726
0.04421991158920907
0.044337131005402396
0.04547116383377942
0.046605196662156435
0.04629810165988527
0.04599100665761411
0.046347305488359615
0.046703604319105134
0.04617456500175911
0.04564552568441308
0.04512839931366703
0.04461127294292097
0.044881030325052175
0.04515078770718339
0.04391373753261105
0.0426766873580387
0.04363233725688248
0.044587987155726254
0.04494860825953568
0.04530922936334509
0.045257054324594495
0.045204879285843894
0.04444708175984086
0.04368928423383785
0.044404489327828464
0.04511969442181908
0.044391578772672594
0.043663463123526106
0.04423886519856494
0.044814267273603776
0.04591248338275357
0.04701069949190336
0.04612734775521213
0.0452439960185209
0.04256228684770373
0.03988057767688656
0.04084396672024291
0.04180735576359926
0.04210085563770126
0.04239435551180327
0.038735363461431305
0.03507637141105935
0.03728012977169422
0.03948388813232909
