0.024862127805766746
0.024463427143254984
0.03274092135022219
0.05944845686583455
0.10264258173747705
0.12719958705674209
0.12369357237431217
0.12110020238134817
0.12114645450037133
0.11935720121611947
0.12686775076293255
0.1426769166446646
0.15347842580945056
0.1634783223951095
0.17799661185410326
0.18478146646279783
0.1931070379221169
0.21028540706832483
0.2069083853343419
0.17988429974625206
0.16488240610843383
0.17803265778189734
0.2055674450867185
0.21905026225679722
0.20861963567990535
0.1938918395863373
0.19155529856352935
0.20182157029711464
0.2127494497065863
0.2160661221037366
0.2140575277984531
0.21308926398870348
0.21410732490261025
0.21750301823113002
0.21701824219886448
0.21256849873901956
0.20755277859828156
0.20174861749157427
0.19746999104715787
0.19530169424130867
0.1946176501002187
0.1990225470927854
0.20240048948553493
0.2032283723517351
0.20169625112475173
0.20038079185619376
0.20269039584951182
0.20672542058338167
0.2092223894604979
0.2127572109916109
0.21235496192204348
0.21116122748023522
0.21091320264139746
0.21031090941149866
0.2102482519030723
0.211280834805553
0.21627181277321103
0.21371108726702426
0.1969887507149013
0.18284772196638135
0.1807014303131574
0.18341693781634222
0.1968588643280596
0.213200267306906
0.21886457130341425
0.2178882784921889
0.19997819768625125
0.16289842736156956
0.1285226422579214
0.10170994195600003
0.07776475524520979
