0.014867464314774644
0.016122696343570463
0.017377928372366284
0.022592781832620867
0.02780763529287545
0.029542349617236664
0.03127706394159787
0.03196662606502445
0.03265618818845103
0.03182039180841691
0.030984595428382805
0.035019809483828705
0.0390550235392746
0.04188047486457333
0.04470592618987207
0.04526934292013049
0.04583275965038891
0.04570709443023874
0.04558142921008855
0.04622587367446371
0.04687031813883887
0.04580692116054976
0.04474352418226064
0.045336890885410035
0.045930257588559426
0.04593364959768821
0.04593704160681698
0.045775180419629524
0.04561331923244205
0.04657643656132478
0.0475395538902075
0.04705877580373748
0.04657799771726745
0.04677541240522078
0.046972827093174116
0.04629579388053494
0.045618760667895775
0.04498377591964599
0.04434879117139621
0.044470086270445214
0.04459138136949422
0.043150584174766284
0.04170978698003835
0.04239118557990876
0.04307258417977917
0.043236950875048995
0.04340131757031883
0.04319146874516611
0.04298161992001342
0.042121059707740736
0.04126049949546805
0.04168978559615187
0.04211907169683568
0.04132628116539714
0.0405334906339586
0.04086718192343966
0.04120087321292072
0.04202933788201388
0.04285780255110703
0.041947001324926
0.041036200098744986
0.03869147690535501
0.036346753711965024
0.03706820446712321
0.037789655222281386
0.03824670840140827
0.03870376158053516
0.0353717240752656
0.032039686569996055
0.03410759897875386
0.03617551138751166
