0.06810237784847616
0.0738521334290301
0.07960188900958406
0.10348921190847035
0.12737653480735664
0.13532262217475058
0.14326870954214452
0.14642733964108662
0.1495859697400287
0.1457574943744677
0.14192901900890673
0.1604128482944673
0.17889667758002786
0.1918390293943015
0.20478138120857514
0.20736218572492307
0.209942990241271
0.20936736415440865
0.20879173806754628
0.21174370078869584
0.2146956635098454
0.20982463363648593
0.20495360376312644
0.207671598073725
0.21038959238432356
0.21040512992875368
0.21042066747318375
0.20967924099349217
0.20893781451380056
0.21334950024953192
0.21776118598526326
0.21555891865757168
0.21335665132988008
0.21426093530105306
0.21516521927222598
0.21206397949878994
0.20896273972535387
0.20605410847944922
0.20314547723354454
0.20370108540530218
0.20425669357705978
0.19765693232114223
0.19105717106522468
0.19417840706965095
0.1972996430740772
0.19805254636343286
0.1988054496527885
0.19784420947900805
0.19688296930522764
0.192941059945518
0.18899915058580838
0.1909655520928102
0.19293195359981194
0.1893004721861947
0.18566899077257745
0.18719750766018156
0.1887260245477857
0.1925209160460371
0.1963158075442885
0.19214376260528737
0.1879717176662863
0.17723140435625898
0.16649109104623167
0.16979579122150132
0.17310049139677094
0.17519408366258954
0.17728767592840816
0.16202483941608792
0.14676200290376767
0.1562343479679375
0.1657066930321073
