0.0056392787752031276
0.005744225231830736
0.008253983618116524
0.01581482967751142
0.027771385241078583
0.03442914861462759
0.03310846662724512
0.031837795585025135
0.031461301145134554
0.03068301648773085
0.03233430030624625
0.036156360284905806
0.03855724585871869
0.04062840116591048
0.04380874798127306
0.04504352678246656
0.0465614483153203
0.05028006749804079
0.049228031025875814
0.04257927173412787
0.03872390538387918
0.041486242915315205
0.047618237758032284
0.05051610505771304
0.04789313975808238
0.04424331496532597
0.04342961517651633
0.04553412125768043
0.04783879723698389
0.04843116514273506
0.04778219159504619
0.04732527134116449
0.047305696021647844
0.047857225654126485
0.047593337105779246
0.046488868653536776
0.045292744270196285
0.04392802750765003
0.04289371251008903
0.0422921402941629
0.04194638459951925
0.04263204597106988
0.04304962040304299
0.043073356493382405
0.04273630515599919
0.04236790345185398
0.042658767074387476
0.0432443184771402
0.0434547496773979
0.043914213105468634
0.04352479861474177
0.04300963557827027
0.04276164451198778
0.04248452622801599
0.04234301166380369
0.04242009478894522
0.043400077424467116
0.04285239997866052
0.03936246960180567
0.0364705009639359
0.03602586614269085
0.0364033345765041
0.03904621879221443
0.042313543711134424
0.04331499211142587
0.04318467461143861
0.039761938238244185
0.032434103479015625
0.02578660035464042
0.02065748125437305
0.01594515275949125
