0.025842822713231645
0.026307330576410964
0.03775510511101659
0.07227965345818488
0.1268993173384565
0.15734249455180863
0.15138069780920593
0.14566551999497993
0.14398605988235436
0.14040481307330277
0.14789494655646687
0.16530172253162928
0.1762143548932723
0.18562228110515497
0.2001911016251007
0.2060771512412028
0.21345162019902486
0.2308607771264657
0.22619361572737803
0.19569282768796117
0.17796638842166032
0.19063069462906782
0.2187508972650188
0.23196150759879838
0.21974475801976906
0.20276151092674005
0.1988204239755709
0.20836451199221315
0.2189371155290256
0.22171215923236737
0.21878594930411693
0.21671133044822202
0.21662729429208252
0.2191616468838154
0.21795850564793393
0.21290076399751467
0.20742263358542515
0.20117268989919646
0.19643808142385752
0.1936878562573506
0.19211107467426847
0.19526372195438055
0.1971886045884219
0.1973064605891393
0.1957689648540852
0.19409100632996093
0.19543811506179104
0.19813926809742172
0.1991220476772044
0.20124616407592552
0.19947739788987495
0.19712918013184275
0.19600162281094538
0.19473626915763267
0.1940855853790157
0.19442976909187346
0.19890791255805781
0.19638521195736472
0.18038178889669054
0.16711491066797482
0.16504915623032165
0.16673557349010532
0.1787964305816655
0.19371798699836448
0.19826458765657246
0.19765349923831738
0.1819935663305997
0.14846617601080336
0.11806357615034216
0.09461154221733528
0.07305036288096578
