0.02780192549443831
0.029849032276652292
0.04716782572525688
0.09621517488712167
0.17208888855262977
0.2135113681254584
0.20303743631518734
0.19156141499687132
0.18659034368846603
0.17938570320455327
0.18632662579723192
0.20609496900790544
0.2166016191489636
0.2241503334239022
0.2381333884927188
0.24219650007709698
0.247879276412812
0.26565870591575097
0.25877114830122727
0.2223130451584354
0.19984000002260283
0.2114434671618521
0.24029848514080937
0.2528797726132196
0.23758335316845247
0.21679671513086754
0.21016618692278524
0.21858713427480853
0.22872117759058913
0.23070067445048537
0.22621319777959065
0.22213837429855493
0.2199963642667517
0.22092290979805312
0.2183977419592263
0.2122561060352275
0.2060055456356947
0.19906293355623508
0.193702392432178
0.190221713334111
0.18755153487404272
0.1892683560807956
0.1894465499251717
0.18860278907904854
0.1868499868636079
0.18449823428085024
0.1845139096295784
0.18547456195906567
0.1844781937163226
0.18482721583952194
0.1812974229438162
0.1774951385608906
0.17534292060349327
0.17337478432900452
0.17215961433958424
0.1718249646100888
0.17594896840412602
0.17365171437559176
0.15846217548552302
0.14623550048874692
0.1443149590487215
0.1446440462014184
0.15503380231282685
0.16827705890553446
0.1713914084120305
0.17138085866852354
0.15875868341407776
0.1298216196152801
0.10465714942926355
0.08567658052027885
0.06722170555553145
