0.1039078650347734
0.10876210014532135
0.11361633525586932
0.14282931150199024
0.17204228774811114
0.18111691111350414
0.19019153447889714
0.19221228813092497
0.1942330417829529
0.18721548203118707
0.18019792227942127
0.19909295500363725
0.21798798772785324
0.23060603006028502
0.24322407239271682
0.24405835491213623
0.2448926374315557
0.2418230813858852
0.23875352534021468
0.23985514904492952
0.24095677274964436
0.23356344672197177
0.22617012069429918
0.2267330110303573
0.22729590136641548
0.2256805706993535
0.22406524003229153
0.2209327871093748
0.21780033418645808
0.22081221508681548
0.2238240959871729
0.2204102810182165
0.21699646604926012
0.21662177877373875
0.21624709149821741
0.2120412600913018
0.2078354286843862
0.20402508765500674
0.20021474662562733
0.1996460352206885
0.19907732381574963
0.19169631702625378
0.1843153102367579
0.1856861369310646
0.18705696362537125
0.18663294395514468
0.1862089242849181
0.184233167957555
0.18225741163019196
0.1776739521430731
0.17309049265595425
0.17351605280325427
0.17394161295055433
0.17012531580131396
0.16630901865207356
0.16650317177022134
0.16669732488836914
0.16883998754080234
0.17098265019323564
0.16683272386081838
0.16268279752840117
0.1537857302604513
0.14488866299250144
0.14684941725446646
0.14881017151643153
0.1516578773349233
0.15450558315341514
0.14126286986331293
0.12802015657321072
0.13662552218923635
0.145230887805262
