0.022684178206906463
0.023743908712090478
0.02480363921727449
0.031181138734749564
0.037558638252224635
0.039539723837153574
0.04152080942208252
0.04196196116684714
0.04240311291161177
0.04087110591740207
0.03933909892319238
0.043464083007871676
0.04758906709255098
0.050343718251973646
0.05309836941139631
0.05328050204725678
0.05346263468311726
0.052792518361000795
0.05212240203888432
0.052362898063187585
0.05260339408749086
0.050989353368846906
0.049375312650202945
0.049498197522198105
0.049621082394193265
0.04926843874491366
0.04891579509563406
0.04823194772465393
0.0475481003536738
0.04820562558584771
0.04886315081802163
0.048117879157447176
0.047372607496872735
0.047290809329554574
0.04720901116223642
0.04629083399527461
0.04537265682831281
0.04454081936431905
0.04370898190032531
0.04358482622785898
0.04346067055539265
0.0418493192558228
0.04023796795625295
0.040537233820430126
0.04083649968460731
0.040743931737422225
0.04065136379023714
0.04022003543402149
0.03978870707780583
0.03878808973497865
0.037787472392151474
0.03788037664166022
0.03797328089116896
0.03714014314365672
0.03630700539614447
0.03634939106088714
0.036391776725629814
0.036859542485505756
0.03732730824538172
0.03642133574331382
0.035515363241245934
0.03357304001713323
0.03163071679302052
0.03205877004080385
0.03248682328858718
0.03310850737617664
0.03373019146376611
0.030839168073812748
0.027948144683859387
0.029826786373823702
0.03170542806378802
