0.006071299351225574
0.006516773993056287
0.010293252339173739
0.020991017895297885
0.03754039961262208
0.046572659377645695
0.0442818731423286
0.04177244499111768
0.040686710687377024
0.039122457040600724
0.04065105326958056
0.04498390057943986
0.04730905605296254
0.04900092233296816
0.052079717744995827
0.05294123036102749
0.0541167259625907
0.057941198145019565
0.05641780450800357
0.04847462003845298
0.04360098829203629
0.0461687289960809
0.05249287841057476
0.05523491200358795
0.0518535639097927
0.047256043934457294
0.04576511107079578
0.0476005002233253
0.049848395652819635
0.050328321268212184
0.04938474199576438
0.04851698892666821
0.0480650767892995
0.04828088973188078
0.047738206510829204
0.04640005086025745
0.04503406957081728
0.04351368296200754
0.04233454604688535
0.04155867410474279
0.040947527293286184
0.04127689597555163
0.04127084388913965
0.04108818807306601
0.040751796248127116
0.040277747982419856
0.04029608911548251
0.04050632166528709
0.04028410629984286
0.04035414269411896
0.03957761850948631
0.0387434083716626
0.03827224749138327
0.03784442017882895
0.03758542687355896
0.03752336525071395
0.03843739515378994
0.03793701813253504
0.03459988216139337
0.03190269265847697
0.031463322651527306
0.031519326004604935
0.03377416543402785
0.03665385821529908
0.03732439369242717
0.03732114331426933
0.03457566735127446
0.02827593070448401
0.022801406926197428
0.0186750222253488
0.014657184423188504
