0.02959638315671309
0.03298836012845538
0.05534422662506486
0.1168906958588533
0.2110818442340665
0.26200024640694464
0.24770432016016217
0.23129824453129602
0.22333849343388543
0.21256312890455736
0.2183207604830906
0.2395032047758276
0.24954894673974534
0.2556785053613693
0.26923950734766666
0.2716160734495637
0.27548110961272493
0.2931798126121077
0.28442670636243506
0.24341623959233963
0.21756615838686896
0.22883660806326836
0.2587185616055375
0.27081823727708315
0.2525090022350088
0.22785199403985787
0.21837253421665542
0.2256009433775032
0.23547909889308782
0.23706376473439683
0.2314773646417829
0.225815315501644
0.22196719951411198
0.22157467972042738
0.2179716638987374
0.21095108257819278
0.20409832402191153
0.19663852497680692
0.19085396417318876
0.18691055666048323
0.1835465874561247
0.18440684898868398
0.1835092604166137
0.18211565899471008
0.1803208754722062
0.17764154682126565
0.1769470253484072
0.1769620479059138
0.17485090663314792
0.17425524010287857
0.1697366953646875
0.16514103854368115
0.16250118052214352
0.1602600266696604
0.1588689256811316
0.15828447051847647
0.16242307279253088
0.1603340116532833
0.14539925331126255
0.1335458080560381
0.131543824397382
0.13078955359959393
0.14001107710251776
0.15212444744915926
0.1541720820479731
0.15454897809681994
0.14395735083369132
0.11799633657054823
0.09632386459607897
0.08035816785370833
0.0639297931412534
