0.13761773488104795
0.14097945578826704
0.1443411766954861
0.17731333891814768
0.2102855011408093
0.22056404644788316
0.23084259175495708
0.23177440285903791
0.23270621396311875
0.22269342001113063
0.21268062605914254
0.23135531563621806
0.2500300052132936
0.2622130400099237
0.27439607480655387
0.2737202655320766
0.27304445625759943
0.2678517008634735
0.2626589454693475
0.26211970631552606
0.2615804671617047
0.25227926432805314
0.24297806149440151
0.2417462222118189
0.24051438292923633
0.23753599250818355
0.23455760208713078
0.229355045510823
0.2241524889345152
0.22599358842096826
0.22783468790742123
0.223548254415489
0.21926182092355676
0.21783228991080467
0.21640275889805258
0.2113447616356823
0.206286764373312
0.20176464057046106
0.19724251676761012
0.19579453788177278
0.19434655899593548
0.1869041427108012
0.1794617264256669
0.1796992231916195
0.1799367199575721
0.17881545906623544
0.17769419817489873
0.17505458979025168
0.17241498140560463
0.16742840946245272
0.16244183751930075
0.16211289725404407
0.16178395698878736
0.15804314648185663
0.15430233597492593
0.15381089105016932
0.15331944612541273
0.15445180659257607
0.15558416705973943
0.15161746742407176
0.14765076778840416
0.13968385506679906
0.13171694234519396
0.1329789349176105
0.13424092749002708
0.1373288506583128
0.1404167738265986
0.12842495468329093
0.11643313553998332
0.12447721098209755
0.1325212864242118
