0.006458936955587118
0.007200335267613047
0.012082209014051803
0.025520228260695867
0.04608301342062288
0.057190610444048905
0.05404922201626852
0.050443802364238004
0.04869541659223387
0.04635201783259957
0.047627061729266985
0.05227017335919214
0.05448669905254329
0.05585519031194612
0.05883822506507608
0.059356108227920264
0.06018347799095433
0.06403174068999282
0.062106255377168844
0.05313460298414905
0.04746581545570498
0.04989294249431318
0.05638352621279251
0.05901009539649532
0.05502290707326733
0.04965991915525336
0.04760364066359464
0.0491845131664287
0.05134101725256973
0.05169411019801424
0.0504932051086477
0.04928332616691128
0.04847045128561319
0.048407282587519175
0.04763755678165807
0.04611635123604255
0.044626649540340936
0.043000136837785946
0.0417348554750647
0.04086631358987507
0.04011728111335166
0.040280434459515346
0.040057986304508304
0.039745206733541094
0.03936169865843863
0.0387793518429055
0.03861738300551722
0.03860258961389635
0.038121463761050536
0.03797245429947265
0.03697149834480281
0.03596061171200271
0.03538548479781371
0.0349082325470459
0.03463204313037154
0.034550041110355145
0.035506534099740146
0.035070703814205025
0.031770479023815905
0.02912885824580737
0.028671176532986987
0.02851389621955651
0.030546231328759638
0.03321349281125062
0.03368188362009707
0.03377519369800738
0.03145965002645271
0.025779337715074534
0.021031236739193673
0.01753180674769022
0.013937468810657392
