0.030043396824944755
0.030777295804735365
0.03151119478452597
0.03870936408071525
0.04590753337690452
0.04815144776563147
0.05039536215435843
0.05059878630452329
0.05080221045468815
0.04861631237777239
0.04643041430085663
0.05050729516240905
0.054584176023961484
0.05724386046974635
0.05990354491553122
0.059756008653372515
0.05960847239121382
0.05847483935288887
0.05734120631456392
0.05722348474404246
0.05710576317352099
0.05507521291106949
0.053044662648617964
0.052775739196105294
0.05250681574359263
0.051856601834777416
0.051206387925962195
0.05007061518663217
0.048934842447302146
0.049336773800942875
0.04973870515458359
0.04880293170595674
0.047867158257329886
0.047555076623906706
0.04724299499048352
0.046138781067588897
0.04503456714469427
0.04404734002590749
0.043060112907120716
0.04274400390925824
0.042427894911395765
0.04080313727398814
0.03917837963658051
0.039230227674846234
0.039282075713111965
0.039037292684733854
0.038792509656355736
0.03821625542407274
0.03764000119178975
0.036551380166209416
0.035462759140629074
0.035390948026099746
0.03531913691157042
0.03450247869085646
0.03368582047014249
0.0335785328817744
0.0334712452934063
0.03371845147575826
0.03396565765811023
0.03309968546824141
0.03223371327837261
0.03049445256047334
0.028755191842574072
0.029030698074935874
0.029306204307297686
0.02998033036517778
0.030654456423057887
0.028036516362594237
0.0254185763021306
0.027174682452301747
0.028930788602472897
